order [1, 2, 3, 4, 5, 6, 7]  bottom [-1, 0, 0, 0, 0, 0, 0, 0]  top [-1, 0, 0, 1, 0, 1, 1, 2]  vol 24
order [1, 2, 3, 4, 5, 7, 6]  bottom [-1, 0, 0, 0, 0, 0, 2, 0]  top [-1, 0, 0, 1, 0, 1, 2, 1]  vol 8
order [1, 2, 3, 4, 6, 7, 5]  bottom [-1, 0, 0, 0, 0, 2, 0, 0]  top [-1, 0, 0, 1, 0, 2, 1, 1]  vol 8
order [1, 2, 3, 4, 7, 5, 6]  bottom [-1, 0, 0, 0, 0, 2, 2, 0]  top [-1, 0, 0, 1, 0, 2, 2, 0]  vol 2
order [1, 2, 3, 5, 4, 6, 7]  bottom [-1, 0, 0, 0, 1, 0, 0, 0]  top [-1, 0, 0, 1, 1, 0, 1, 2]  vol 12
order [1, 2, 3, 5, 4, 7, 6]  bottom [-1, 0, 0, 0, 1, 0, 2, 0]  top [-1, 0, 0, 1, 1, 0, 2, 1]  vol 4
order [1, 2, 3, 5, 6, 4, 7]  bottom [-1, 0, 0, 0, 2, 0, 0, 0]  top [-1, 0, 0, 1, 2, 0, 0, 2]  vol 6
order [1, 2, 3, 5, 7, 6, 4]  bottom [-1, 0, 0, 0, 2, 0, 1, 0]  top [-1, 0, 0, 1, 2, 0, 1, 1]  vol 4
order [1, 2, 3, 6, 4, 5, 7]  bottom [-1, 0, 0, 0, 1, 1, 0, 0]  top [-1, 0, 0, 1, 1, 1, 0, 2]  vol 6
order [1, 2, 3, 6, 4, 7, 5]  bottom [-1, 0, 0, 0, 1, 2, 0, 0]  top [-1, 0, 0, 1, 1, 2, 0, 1]  vol 4
order [1, 2, 3, 6, 7, 5, 4]  bottom [-1, 0, 0, 0, 2, 1, 0, 0]  top [-1, 0, 0, 1, 2, 1, 0, 1]  vol 4
order [1, 2, 3, 7, 5, 4, 6]  bottom [-1, 0, 0, 0, 1, 1, 1, 0]  top [-1, 0, 0, 1, 1, 1, 2, 0]  vol 4
order [1, 2, 3, 7, 5, 6, 4]  bottom [-1, 0, 0, 0, 2, 1, 1, 0]  top [-1, 0, 0, 1, 2, 1, 1, 0]  vol 2
order [1, 2, 3, 7, 6, 4, 5]  bottom [-1, 0, 0, 0, 1, 2, 1, 0]  top [-1, 0, 0, 1, 1, 2, 1, 0]  vol 2
order [1, 2, 4, 5, 6, 7, 3]  bottom [-1, 0, 0, 2, 0, 0, 0, 0]  top [-1, 0, 0, 2, 0, 1, 1, 1]  vol 8
order [1, 2, 4, 5, 7, 3, 6]  bottom [-1, 0, 0, 2, 0, 0, 2, 0]  top [-1, 0, 0, 2, 0, 1, 2, 0]  vol 2
order [1, 2, 4, 6, 7, 3, 5]  bottom [-1, 0, 0, 2, 0, 2, 0, 0]  top [-1, 0, 0, 2, 0, 2, 1, 0]  vol 2
order [1, 2, 5, 4, 6, 7, 3]  bottom [-1, 0, 0, 2, 1, 0, 0, 0]  top [-1, 0, 0, 2, 1, 0, 1, 1]  vol 4
order [1, 2, 5, 4, 7, 3, 6]  bottom [-1, 0, 0, 2, 1, 0, 2, 0]  top [-1, 0, 0, 2, 1, 0, 2, 0]  vol 1
order [1, 2, 5, 6, 4, 7, 3]  bottom [-1, 0, 0, 2, 2, 0, 0, 0]  top [-1, 0, 0, 2, 2, 0, 0, 1]  vol 2
order [1, 2, 5, 7, 3, 6, 4]  bottom [-1, 0, 0, 2, 2, 0, 1, 0]  top [-1, 0, 0, 2, 2, 0, 1, 0]  vol 1
order [1, 2, 6, 4, 5, 7, 3]  bottom [-1, 0, 0, 2, 1, 1, 0, 0]  top [-1, 0, 0, 2, 1, 1, 0, 1]  vol 2
order [1, 2, 6, 4, 7, 3, 5]  bottom [-1, 0, 0, 2, 1, 2, 0, 0]  top [-1, 0, 0, 2, 1, 2, 0, 0]  vol 1
order [1, 2, 6, 7, 3, 5, 4]  bottom [-1, 0, 0, 2, 2, 1, 0, 0]  top [-1, 0, 0, 2, 2, 1, 0, 0]  vol 1
order [1, 3, 2, 4, 5, 6, 7]  bottom [-1, 0, 1, 0, 0, 0, 0, 0]  top [-1, 0, 1, 0, 0, 1, 1, 2]  vol 12
order [1, 3, 2, 4, 5, 7, 6]  bottom [-1, 0, 1, 0, 0, 0, 2, 0]  top [-1, 0, 1, 0, 0, 1, 2, 1]  vol 4
order [1, 3, 2, 4, 6, 7, 5]  bottom [-1, 0, 1, 0, 0, 2, 0, 0]  top [-1, 0, 1, 0, 0, 2, 1, 1]  vol 4
order [1, 3, 2, 4, 7, 5, 6]  bottom [-1, 0, 1, 0, 0, 2, 2, 0]  top [-1, 0, 1, 0, 0, 2, 2, 0]  vol 1
order [1, 3, 2, 5, 4, 6, 7]  bottom [-1, 0, 1, 0, 1, 0, 0, 0]  top [-1, 0, 1, 0, 1, 0, 1, 2]  vol 6
order [1, 3, 2, 5, 4, 7, 6]  bottom [-1, 0, 1, 0, 1, 0, 2, 0]  top [-1, 0, 1, 0, 1, 0, 2, 1]  vol 2
order [1, 3, 2, 5, 6, 4, 7]  bottom [-1, 0, 1, 0, 2, 0, 0, 0]  top [-1, 0, 1, 0, 2, 0, 0, 2]  vol 3
order [1, 3, 2, 5, 7, 6, 4]  bottom [-1, 0, 1, 0, 2, 0, 1, 0]  top [-1, 0, 1, 0, 2, 0, 1, 1]  vol 2
order [1, 3, 2, 6, 4, 5, 7]  bottom [-1, 0, 1, 0, 1, 1, 0, 0]  top [-1, 0, 1, 0, 1, 1, 0, 2]  vol 3
order [1, 3, 2, 6, 4, 7, 5]  bottom [-1, 0, 1, 0, 1, 2, 0, 0]  top [-1, 0, 1, 0, 1, 2, 0, 1]  vol 2
order [1, 3, 2, 6, 7, 5, 4]  bottom [-1, 0, 1, 0, 2, 1, 0, 0]  top [-1, 0, 1, 0, 2, 1, 0, 1]  vol 2
order [1, 3, 2, 7, 5, 4, 6]  bottom [-1, 0, 1, 0, 1, 1, 1, 0]  top [-1, 0, 1, 0, 1, 1, 2, 0]  vol 2
order [1, 3, 2, 7, 5, 6, 4]  bottom [-1, 0, 1, 0, 2, 1, 1, 0]  top [-1, 0, 1, 0, 2, 1, 1, 0]  vol 1
order [1, 3, 2, 7, 6, 4, 5]  bottom [-1, 0, 1, 0, 1, 2, 1, 0]  top [-1, 0, 1, 0, 1, 2, 1, 0]  vol 1
order [1, 3, 4, 5, 6, 2, 7]  bottom [-1, 0, 2, 0, 0, 0, 0, 0]  top [-1, 0, 2, 0, 0, 1, 0, 2]  vol 6
order [1, 3, 4, 5, 7, 6, 2]  bottom [-1, 0, 2, 0, 0, 0, 1, 0]  top [-1, 0, 2, 0, 0, 1, 1, 1]  vol 4
order [1, 3, 4, 6, 2, 7, 5]  bottom [-1, 0, 2, 0, 0, 2, 0, 0]  top [-1, 0, 2, 0, 0, 2, 0, 1]  vol 2
order [1, 3, 4, 7, 5, 6, 2]  bottom [-1, 0, 2, 0, 0, 2, 1, 0]  top [-1, 0, 2, 0, 0, 2, 1, 0]  vol 1
order [1, 3, 5, 4, 6, 2, 7]  bottom [-1, 0, 2, 0, 1, 0, 0, 0]  top [-1, 0, 2, 0, 1, 0, 0, 2]  vol 3
order [1, 3, 5, 4, 7, 6, 2]  bottom [-1, 0, 2, 0, 1, 0, 1, 0]  top [-1, 0, 2, 0, 1, 0, 1, 1]  vol 2
order [1, 3, 5, 7, 6, 2, 4]  bottom [-1, 0, 2, 0, 2, 0, 0, 0]  top [-1, 0, 2, 0, 2, 0, 0, 1]  vol 2
order [1, 3, 7, 5, 4, 6, 2]  bottom [-1, 0, 2, 0, 1, 1, 0, 0]  top [-1, 0, 2, 0, 1, 1, 1, 0]  vol 2
order [1, 3, 7, 5, 6, 2, 4]  bottom [-1, 0, 2, 0, 2, 1, 0, 0]  top [-1, 0, 2, 0, 2, 1, 0, 0]  vol 1
order [1, 3, 7, 6, 2, 4, 5]  bottom [-1, 0, 2, 0, 1, 2, 0, 0]  top [-1, 0, 2, 0, 1, 2, 0, 0]  vol 1
order [1, 4, 5, 6, 2, 3, 7]  bottom [-1, 0, 1, 1, 0, 0, 0, 0]  top [-1, 0, 1, 1, 0, 1, 0, 2]  vol 6
order [1, 4, 5, 6, 2, 7, 3]  bottom [-1, 0, 1, 2, 0, 0, 0, 0]  top [-1, 0, 1, 2, 0, 1, 0, 1]  vol 4
order [1, 4, 5, 6, 7, 3, 2]  bottom [-1, 0, 2, 1, 0, 0, 0, 0]  top [-1, 0, 2, 1, 0, 1, 0, 1]  vol 4
order [1, 4, 5, 7, 3, 2, 6]  bottom [-1, 0, 1, 1, 0, 0, 1, 0]  top [-1, 0, 1, 1, 0, 1, 2, 0]  vol 4
order [1, 4, 5, 7, 3, 6, 2]  bottom [-1, 0, 2, 1, 0, 0, 1, 0]  top [-1, 0, 2, 1, 0, 1, 1, 0]  vol 2
order [1, 4, 5, 7, 6, 2, 3]  bottom [-1, 0, 1, 2, 0, 0, 1, 0]  top [-1, 0, 1, 2, 0, 1, 1, 0]  vol 2
order [1, 4, 6, 2, 3, 7, 5]  bottom [-1, 0, 1, 1, 0, 2, 0, 0]  top [-1, 0, 1, 1, 0, 2, 0, 1]  vol 2
order [1, 4, 6, 2, 7, 3, 5]  bottom [-1, 0, 1, 2, 0, 2, 0, 0]  top [-1, 0, 1, 2, 0, 2, 0, 0]  vol 1
order [1, 4, 6, 7, 3, 2, 5]  bottom [-1, 0, 2, 1, 0, 2, 0, 0]  top [-1, 0, 2, 1, 0, 2, 0, 0]  vol 1
order [1, 5, 4, 6, 2, 3, 7]  bottom [-1, 0, 1, 1, 1, 0, 0, 0]  top [-1, 0, 1, 1, 1, 0, 0, 2]  vol 3
order [1, 5, 4, 6, 2, 7, 3]  bottom [-1, 0, 1, 2, 1, 0, 0, 0]  top [-1, 0, 1, 2, 1, 0, 0, 1]  vol 2
order [1, 5, 4, 6, 7, 3, 2]  bottom [-1, 0, 2, 1, 1, 0, 0, 0]  top [-1, 0, 2, 1, 1, 0, 0, 1]  vol 2
order [1, 5, 4, 7, 3, 2, 6]  bottom [-1, 0, 1, 1, 1, 0, 1, 0]  top [-1, 0, 1, 1, 1, 0, 2, 0]  vol 2
order [1, 5, 4, 7, 3, 6, 2]  bottom [-1, 0, 2, 1, 1, 0, 1, 0]  top [-1, 0, 2, 1, 1, 0, 1, 0]  vol 1
order [1, 5, 4, 7, 6, 2, 3]  bottom [-1, 0, 1, 2, 1, 0, 1, 0]  top [-1, 0, 1, 2, 1, 0, 1, 0]  vol 1
order [1, 5, 7, 3, 2, 6, 4]  bottom [-1, 0, 1, 1, 2, 0, 0, 0]  top [-1, 0, 1, 1, 2, 0, 1, 0]  vol 2
order [1, 5, 7, 3, 6, 2, 4]  bottom [-1, 0, 2, 1, 2, 0, 0, 0]  top [-1, 0, 2, 1, 2, 0, 0, 0]  vol 1
order [1, 5, 7, 6, 2, 3, 4]  bottom [-1, 0, 1, 2, 2, 0, 0, 0]  top [-1, 0, 1, 2, 2, 0, 0, 0]  vol 1
order [2, 3, 1, 4, 5, 6, 7]  bottom [-1, 1, 0, 0, 0, 0, 0, 0]  top [-1, 1, 0, 0, 0, 1, 1, 2]  vol 12
order [2, 3, 1, 4, 5, 7, 6]  bottom [-1, 1, 0, 0, 0, 0, 2, 0]  top [-1, 1, 0, 0, 0, 1, 2, 1]  vol 4
order [2, 3, 1, 4, 6, 7, 5]  bottom [-1, 1, 0, 0, 0, 2, 0, 0]  top [-1, 1, 0, 0, 0, 2, 1, 1]  vol 4
order [2, 3, 1, 4, 7, 5, 6]  bottom [-1, 1, 0, 0, 0, 2, 2, 0]  top [-1, 1, 0, 0, 0, 2, 2, 0]  vol 1
order [2, 3, 1, 5, 4, 6, 7]  bottom [-1, 1, 0, 0, 1, 0, 0, 0]  top [-1, 1, 0, 0, 1, 0, 1, 2]  vol 6
order [2, 3, 1, 5, 4, 7, 6]  bottom [-1, 1, 0, 0, 1, 0, 2, 0]  top [-1, 1, 0, 0, 1, 0, 2, 1]  vol 2
order [2, 3, 1, 5, 6, 4, 7]  bottom [-1, 1, 0, 0, 2, 0, 0, 0]  top [-1, 1, 0, 0, 2, 0, 0, 2]  vol 3
order [2, 3, 1, 5, 7, 6, 4]  bottom [-1, 1, 0, 0, 2, 0, 1, 0]  top [-1, 1, 0, 0, 2, 0, 1, 1]  vol 2
order [2, 3, 1, 6, 4, 5, 7]  bottom [-1, 1, 0, 0, 1, 1, 0, 0]  top [-1, 1, 0, 0, 1, 1, 0, 2]  vol 3
order [2, 3, 1, 6, 4, 7, 5]  bottom [-1, 1, 0, 0, 1, 2, 0, 0]  top [-1, 1, 0, 0, 1, 2, 0, 1]  vol 2
order [2, 3, 1, 6, 7, 5, 4]  bottom [-1, 1, 0, 0, 2, 1, 0, 0]  top [-1, 1, 0, 0, 2, 1, 0, 1]  vol 2
order [2, 3, 1, 7, 5, 4, 6]  bottom [-1, 1, 0, 0, 1, 1, 1, 0]  top [-1, 1, 0, 0, 1, 1, 2, 0]  vol 2
order [2, 3, 1, 7, 5, 6, 4]  bottom [-1, 1, 0, 0, 2, 1, 1, 0]  top [-1, 1, 0, 0, 2, 1, 1, 0]  vol 1
order [2, 3, 1, 7, 6, 4, 5]  bottom [-1, 1, 0, 0, 1, 2, 1, 0]  top [-1, 1, 0, 0, 1, 2, 1, 0]  vol 1
order [2, 3, 4, 5, 1, 6, 7]  bottom [-1, 2, 0, 0, 0, 0, 0, 0]  top [-1, 2, 0, 0, 0, 0, 1, 2]  vol 6
order [2, 3, 4, 5, 1, 7, 6]  bottom [-1, 2, 0, 0, 0, 0, 2, 0]  top [-1, 2, 0, 0, 0, 0, 2, 1]  vol 2
order [2, 3, 4, 6, 7, 5, 1]  bottom [-1, 2, 0, 0, 0, 1, 0, 0]  top [-1, 2, 0, 0, 0, 1, 1, 1]  vol 4
order [2, 3, 4, 7, 5, 1, 6]  bottom [-1, 2, 0, 0, 0, 1, 2, 0]  top [-1, 2, 0, 0, 0, 1, 2, 0]  vol 1
order [2, 3, 6, 4, 5, 1, 7]  bottom [-1, 2, 0, 0, 1, 0, 0, 0]  top [-1, 2, 0, 0, 1, 0, 0, 2]  vol 3
order [2, 3, 6, 4, 7, 5, 1]  bottom [-1, 2, 0, 0, 1, 1, 0, 0]  top [-1, 2, 0, 0, 1, 1, 0, 1]  vol 2
order [2, 3, 6, 7, 5, 1, 4]  bottom [-1, 2, 0, 0, 2, 0, 0, 0]  top [-1, 2, 0, 0, 2, 0, 0, 1]  vol 2
order [2, 3, 7, 5, 1, 4, 6]  bottom [-1, 2, 0, 0, 1, 0, 1, 0]  top [-1, 2, 0, 0, 1, 0, 2, 0]  vol 2
order [2, 3, 7, 5, 1, 6, 4]  bottom [-1, 2, 0, 0, 2, 0, 1, 0]  top [-1, 2, 0, 0, 2, 0, 1, 0]  vol 1
order [2, 3, 7, 6, 4, 5, 1]  bottom [-1, 2, 0, 0, 1, 1, 1, 0]  top [-1, 2, 0, 0, 1, 1, 1, 0]  vol 1
order [2, 4, 5, 1, 3, 6, 7]  bottom [-1, 1, 0, 1, 0, 0, 0, 0]  top [-1, 1, 0, 1, 0, 0, 1, 2]  vol 6
order [2, 4, 5, 1, 3, 7, 6]  bottom [-1, 1, 0, 1, 0, 0, 2, 0]  top [-1, 1, 0, 1, 0, 0, 2, 1]  vol 2
order [2, 4, 5, 1, 6, 7, 3]  bottom [-1, 1, 0, 2, 0, 0, 0, 0]  top [-1, 1, 0, 2, 0, 0, 1, 1]  vol 4
order [2, 4, 5, 1, 7, 3, 6]  bottom [-1, 1, 0, 2, 0, 0, 2, 0]  top [-1, 1, 0, 2, 0, 0, 2, 0]  vol 1
order [2, 4, 5, 6, 7, 3, 1]  bottom [-1, 2, 0, 1, 0, 0, 0, 0]  top [-1, 2, 0, 1, 0, 0, 1, 1]  vol 4
order [2, 4, 5, 7, 3, 1, 6]  bottom [-1, 2, 0, 1, 0, 0, 2, 0]  top [-1, 2, 0, 1, 0, 0, 2, 0]  vol 1
order [2, 4, 6, 7, 3, 1, 5]  bottom [-1, 1, 0, 1, 0, 1, 0, 0]  top [-1, 1, 0, 1, 0, 2, 1, 0]  vol 4
order [2, 4, 6, 7, 3, 5, 1]  bottom [-1, 2, 0, 1, 0, 1, 0, 0]  top [-1, 2, 0, 1, 0, 1, 1, 0]  vol 2
order [2, 4, 6, 7, 5, 1, 3]  bottom [-1, 1, 0, 2, 0, 1, 0, 0]  top [-1, 1, 0, 2, 0, 1, 1, 0]  vol 2
order [2, 6, 4, 5, 1, 3, 7]  bottom [-1, 1, 0, 1, 1, 0, 0, 0]  top [-1, 1, 0, 1, 1, 0, 0, 2]  vol 3
order [2, 6, 4, 5, 1, 7, 3]  bottom [-1, 1, 0, 2, 1, 0, 0, 0]  top [-1, 1, 0, 2, 1, 0, 0, 1]  vol 2
order [2, 6, 4, 5, 7, 3, 1]  bottom [-1, 2, 0, 1, 1, 0, 0, 0]  top [-1, 2, 0, 1, 1, 0, 0, 1]  vol 2
order [2, 6, 4, 7, 3, 1, 5]  bottom [-1, 1, 0, 1, 1, 1, 0, 0]  top [-1, 1, 0, 1, 1, 2, 0, 0]  vol 2
order [2, 6, 4, 7, 3, 5, 1]  bottom [-1, 2, 0, 1, 1, 1, 0, 0]  top [-1, 2, 0, 1, 1, 1, 0, 0]  vol 1
order [2, 6, 4, 7, 5, 1, 3]  bottom [-1, 1, 0, 2, 1, 1, 0, 0]  top [-1, 1, 0, 2, 1, 1, 0, 0]  vol 1
order [2, 6, 7, 3, 1, 5, 4]  bottom [-1, 1, 0, 1, 2, 0, 0, 0]  top [-1, 1, 0, 1, 2, 1, 0, 0]  vol 2
order [2, 6, 7, 3, 5, 1, 4]  bottom [-1, 2, 0, 1, 2, 0, 0, 0]  top [-1, 2, 0, 1, 2, 0, 0, 0]  vol 1
order [2, 6, 7, 5, 1, 3, 4]  bottom [-1, 1, 0, 2, 2, 0, 0, 0]  top [-1, 1, 0, 2, 2, 0, 0, 0]  vol 1
order [4, 5, 1, 3, 2, 6, 7]  bottom [-1, 1, 1, 0, 0, 0, 0, 0]  top [-1, 1, 1, 0, 0, 0, 1, 2]  vol 6
order [4, 5, 1, 3, 2, 7, 6]  bottom [-1, 1, 1, 0, 0, 0, 2, 0]  top [-1, 1, 1, 0, 0, 0, 2, 1]  vol 2
order [4, 5, 1, 3, 6, 2, 7]  bottom [-1, 1, 2, 0, 0, 0, 0, 0]  top [-1, 1, 2, 0, 0, 0, 0, 2]  vol 3
order [4, 5, 1, 3, 7, 6, 2]  bottom [-1, 1, 2, 0, 0, 0, 1, 0]  top [-1, 1, 2, 0, 0, 0, 1, 1]  vol 2
order [4, 5, 1, 6, 2, 3, 7]  bottom [-1, 1, 1, 1, 0, 0, 0, 0]  top [-1, 1, 1, 1, 0, 0, 0, 2]  vol 3
order [4, 5, 1, 6, 2, 7, 3]  bottom [-1, 1, 1, 2, 0, 0, 0, 0]  top [-1, 1, 1, 2, 0, 0, 0, 1]  vol 2
order [4, 5, 1, 6, 7, 3, 2]  bottom [-1, 1, 2, 1, 0, 0, 0, 0]  top [-1, 1, 2, 1, 0, 0, 0, 1]  vol 2
order [4, 5, 1, 7, 3, 2, 6]  bottom [-1, 1, 1, 1, 0, 0, 1, 0]  top [-1, 1, 1, 1, 0, 0, 2, 0]  vol 2
order [4, 5, 1, 7, 3, 6, 2]  bottom [-1, 1, 2, 1, 0, 0, 1, 0]  top [-1, 1, 2, 1, 0, 0, 1, 0]  vol 1
order [4, 5, 1, 7, 6, 2, 3]  bottom [-1, 1, 1, 2, 0, 0, 1, 0]  top [-1, 1, 1, 2, 0, 0, 1, 0]  vol 1
order [4, 5, 6, 2, 3, 1, 7]  bottom [-1, 2, 1, 0, 0, 0, 0, 0]  top [-1, 2, 1, 0, 0, 0, 0, 2]  vol 3
order [4, 5, 6, 2, 7, 3, 1]  bottom [-1, 2, 1, 1, 0, 0, 0, 0]  top [-1, 2, 1, 1, 0, 0, 0, 1]  vol 2
order [4, 5, 6, 7, 3, 1, 2]  bottom [-1, 2, 2, 0, 0, 0, 0, 0]  top [-1, 2, 2, 0, 0, 0, 0, 1]  vol 2
order [4, 5, 7, 3, 1, 2, 6]  bottom [-1, 2, 1, 0, 0, 0, 1, 0]  top [-1, 2, 1, 0, 0, 0, 2, 0]  vol 2
order [4, 5, 7, 3, 1, 6, 2]  bottom [-1, 2, 2, 0, 0, 0, 1, 0]  top [-1, 2, 2, 0, 0, 0, 1, 0]  vol 1
order [4, 5, 7, 6, 2, 3, 1]  bottom [-1, 2, 1, 1, 0, 0, 1, 0]  top [-1, 2, 1, 1, 0, 0, 1, 0]  vol 1
order [4, 6, 2, 3, 1, 5, 7]  bottom [-1, 1, 1, 0, 0, 1, 0, 0]  top [-1, 1, 1, 0, 0, 1, 0, 2]  vol 3
order [4, 6, 2, 3, 1, 7, 5]  bottom [-1, 1, 1, 0, 0, 2, 0, 0]  top [-1, 1, 1, 0, 0, 2, 0, 1]  vol 2
order [4, 6, 2, 3, 7, 5, 1]  bottom [-1, 2, 1, 0, 0, 1, 0, 0]  top [-1, 2, 1, 0, 0, 1, 0, 1]  vol 2
order [4, 6, 2, 7, 3, 1, 5]  bottom [-1, 1, 1, 1, 0, 1, 0, 0]  top [-1, 1, 1, 1, 0, 2, 0, 0]  vol 2
order [4, 6, 2, 7, 3, 5, 1]  bottom [-1, 2, 1, 1, 0, 1, 0, 0]  top [-1, 2, 1, 1, 0, 1, 0, 0]  vol 1
order [4, 6, 2, 7, 5, 1, 3]  bottom [-1, 1, 1, 2, 0, 1, 0, 0]  top [-1, 1, 1, 2, 0, 1, 0, 0]  vol 1
order [4, 6, 7, 3, 1, 2, 5]  bottom [-1, 1, 2, 0, 0, 1, 0, 0]  top [-1, 1, 2, 0, 0, 2, 0, 0]  vol 2
order [4, 6, 7, 3, 2, 5, 1]  bottom [-1, 2, 2, 0, 0, 1, 0, 0]  top [-1, 2, 2, 0, 0, 1, 0, 0]  vol 1
order [4, 6, 7, 5, 1, 3, 2]  bottom [-1, 1, 2, 1, 0, 1, 0, 0]  top [-1, 1, 2, 1, 0, 1, 0, 0]  vol 1
